NNF   -   Neural Net Framework

__neural net save file__

CONSTANTS
layers: 3
neurons per layer: 5 10 1 
epsilon: 0.025000
activation function: sigma_logistic
WEIGHTS
-1.864902
2.820361 -3.624619 0.242764 7.939292 -4.120697 
-1.639475
-1.070142 -1.212300 -1.698985 0.032628 2.370152 
0.170238
-3.558224 -1.918095 -0.775978 3.363798 -1.249570 
-3.324017
-6.398092 3.736253 -0.165068 -6.886122 6.109906 
-1.464915
0.438084 -0.052149 -0.097745 -0.837934 0.129017 
-3.714317
-5.059089 3.014894 -0.153528 4.985930 7.575119 
1.169942
-1.822576 0.159999 -4.109082 -3.593550 -0.659500 
1.640990
-1.980496 -2.460816 -1.389322 1.366844 4.262777 
-4.500348
0.923804 -1.979614 2.325582 2.831151 1.203106 
-4.116501
-4.527905 1.388918 -4.555987 -1.206576 6.106154 
1.256555
-4.064889 -2.424943 0.826577 -4.029382 3.306210 0.785328 -2.025006 3.295233 -3.157001 1.170019 
